1000
1500
1600
2000
3000
4000
5000
6000
8434
11509
6243
4965
10095
9551
8741
6898
10888
13826
11347
10452
6117
5158
7542
14331
13059
6228
663
7386
3033
10933
6917
12827
2236
13663
4434
15761
1920
4322
1439
8558
6624
7965
3353
11702
8479
2135
2756
9715
3312
3723
1400
3883
404
11010
7977
6671
10562
10791
4459
15733
13515
14744
4916
5384
3966
7289
3044
6206
2633
14861
14212
15755
546
14983
8267
7637
1445
9757
4455
11303
15871
14943
9978
5545
7946
10695
8034
7632
8889
14737
4541
2770
5047
12748
11692
13917
11083
5042
10328
5768
1663
2613
15027
4874
13953
2266
5377
15017
